[0, 0, 0, 0, 0, 0, 0, 0, 0, 0, 0, 0, 0, 0, 0, 0, 0, 0, 0, 0, 0, 1, 0, 0],[0.337740,0.250132,0.084845,0.194753,0.164478,0.394630,0.125730,0.233144,0.230226,0.191603,1.000000,0.134959]
[0, 0, 0, 0, 0, 0, 0, 0, 0, 0, 0, 0, 0, 0, 0, 0, 0, 0, 0, 0, 0, 1, 0, 0],[0.264028,0.320559,0.068348,0.065682,0.114710,0.749298,0.108570,0.079002,0.194579,0.179900,1.000000,0.160943]
[0, 0, 0, 0, 0, 0, 0, 0, 0, 0, 0, 0, 0, 0, 0, 0, 0, 0, 0, 0, 0, 1, 0, 0],[0.136680,0.170997,0.148041,0.088893,0.096447,0.271327,0.114202,0.151531,0.178981,0.178474,1.000000,0.149157]
[0, 0, 0, 0, 0, 0, 0, 0, 0, 0, 0, 0, 0, 0, 0, 0, 0, 0, 0, 0, 0, 1, 0, 0],[0.298860,0.384258,0.312539,0.306690,0.335783,0.497461,0.322040,0.368508,0.406524,0.353859,1.000000,0.227453]
[0, 0, 0, 0, 0, 0, 0, 1, 0, 0, 0, 0, 0, 0, 0, 0, 0, 0, 0, 0, 0, 0, 0, 0],[0.121934,0.092665,0.151915,1.000000,0.202482,0.223932,0.394204,0.152580,0.124292,0.093700,0.193021,0.051403]
[0, 0, 0, 0, 0, 0, 0, 1, 0, 0, 0, 0, 0, 0, 0, 0, 0, 0, 0, 0, 0, 0, 0, 0],[0.591131,0.103177,0.147809,1.000000,0.206101,0.091937,0.213829,0.178206,0.045837,0.061785,0.243277,0.096801]
[0, 0, 1, 0, 0, 0, 0, 0, 0, 0, 0, 0, 0, 0, 0, 0, 0, 0, 0, 0, 0, 0, 0, 0],[0.228824,1.000000,0.260412,0.140205,0.184859,0.413715,0.148174,0.179363,0.584503,0.172401,0.592301,0.107046]
[0, 0, 1, 0, 0, 0, 0, 0, 0, 0, 0, 0, 0, 0, 0, 0, 0, 0, 0, 0, 0, 0, 0, 0],[0.499781,1.000000,0.281514,0.290162,0.308850,0.470468,0.285927,0.388513,0.759168,0.294819,0.190089,0.170390]
[0, 0, 1, 0, 0, 0, 0, 0, 0, 0, 0, 0, 0, 0, 0, 0, 0, 0, 0, 0, 0, 0, 0, 0],[0.231873,1.000000,0.192114,0.105819,0.128557,0.424635,0.117547,0.120037,0.446885,0.141727,0.074913,0.078166]
[0, 0, 1, 0, 0, 0, 0, 0, 0, 0, 0, 0, 0, 0, 0, 0, 0, 0, 0, 0, 0, 0, 0, 0],[0.158967,1.000000,0.163617,0.126757,0.059360,0.213255,0.053466,0.075163,0.525513,0.091363,0.049574,0.068472]
[0, 0, 1, 0, 0, 0, 0, 0, 0, 0, 0, 0, 0, 0, 0, 0, 0, 0, 0, 0, 0, 0, 0, 0],[0.265885,0.749609,0.232499,0.286682,0.171568,0.418067,0.188494,0.210567,1.000000,0.174853,0.083858,0.081479]
[0, 0, 1, 0, 0, 0, 0, 0, 0, 0, 0, 0, 0, 0, 0, 0, 0, 0, 0, 0, 0, 0, 0, 0],[0.388612,1.000000,0.469132,0.435942,0.468657,0.605159,0.459058,0.506264,0.668982,0.452319,0.266584,0.231757]
[0, 0, 1, 0, 0, 0, 0, 0, 0, 0, 0, 0, 0, 0, 0, 0, 0, 0, 0, 0, 0, 0, 0, 0],[0.383558,1.000000,0.152490,0.137182,0.148374,0.282435,0.110349,0.190931,0.459085,0.116256,0.083641,0.083057]
[0, 0, 1, 0, 0, 0, 0, 0, 0, 0, 0, 0, 0, 0, 0, 0, 0, 0, 0, 0, 0, 0, 0, 0],[0.339230,1.000000,0.132773,0.102476,0.087803,0.444817,0.060456,0.051748,0.441801,0.080570,0.060740,0.080254]
[0, 0, 1, 0, 0, 0, 0, 0, 0, 0, 0, 0, 0, 0, 0, 0, 0, 0, 0, 0, 0, 0, 0, 0],[0.175372,1.000000,0.280293,0.416589,0.254380,0.390187,0.234413,0.270666,0.425651,0.235897,0.306214,0.121925]
[0, 0, 1, 0, 0, 0, 0, 0, 0, 0, 0, 0, 0, 0, 0, 0, 0, 0, 0, 0, 0, 0, 0, 0],[0.458867,1.000000,0.427432,0.383573,0.414904,0.684126,0.402138,0.406068,0.510005,0.417957,0.249614,0.216198]
[0, 0, 0, 0, 0, 0, 0, 0, 0, 0, 0, 0, 0, 0, 0, 0, 1, 0, 0, 0, 0, 0, 0, 0],[0.312002,0.246416,0.086912,0.153979,0.123707,0.174789,0.131177,0.299213,1.000000,0.162557,0.080104,0.090700]
[0, 0, 0, 0, 0, 0, 0, 0, 0, 0, 0, 0, 0, 0, 0, 0, 1, 0, 0, 0, 0, 0, 0, 0],[0.231982,0.051810,0.050769,0.246379,0.056956,0.061938,0.071161,0.120729,1.000000,0.170037,0.150021,0.067013]
[0, 0, 0, 0, 0, 0, 0, 0, 0, 0, 0, 0, 0, 0, 0, 0, 1, 0, 0, 0, 0, 0, 0, 0],[0.385408,0.144308,0.143016,0.216796,0.158338,0.829895,0.175956,0.219434,1.000000,0.190176,0.098812,0.087189]
[0, 0, 0, 0, 0, 0, 0, 0, 0, 0, 0, 0, 0, 0, 0, 0, 1, 0, 0, 0, 0, 0, 0, 0],[0.267333,0.234329,0.252991,0.334269,0.293714,0.375550,0.316176,0.374176,1.000000,0.358333,0.200470,0.165689]
[0, 0, 1, 0, 0, 0, 0, 0, 0, 0, 0, 0, 0, 0, 0, 0, 0, 0, 0, 0, 0, 0, 0, 0],[0.357578,1.000000,0.156529,0.104917,0.159464,0.268433,0.117515,0.192862,0.448464,0.116813,0.076085,0.096729]
[0, 0, 1, 0, 0, 0, 0, 0, 0, 0, 0, 0, 0, 0, 0, 0, 0, 0, 0, 0, 0, 0, 0, 0],[0.152024,1.000000,0.177541,0.076028,0.049383,0.219409,0.028275,0.045594,0.433136,0.056404,0.040925,0.058252]
[0, 0, 1, 0, 0, 0, 0, 0, 0, 0, 0, 0, 0, 0, 0, 0, 0, 0, 0, 0, 0, 0, 0, 0],[0.205077,1.000000,0.277799,0.872653,0.235445,0.345080,0.228225,0.271010,0.426913,0.175454,0.236387,0.100346]
[0, 0, 1, 0, 0, 0, 0, 0, 0, 0, 0, 0, 0, 0, 0, 0, 0, 0, 0, 0, 0, 0, 0, 0],[0.230275,0.550931,0.363702,0.273630,0.278341,0.466702,0.307259,0.329023,0.468990,0.349293,1.000000,0.238696]
[0, 0, 0, 0, 0, 0, 0, 0, 0, 0, 0, 0, 0, 0, 0, 0, 0, 0, 0, 0, 0, 1, 0, 0],[0.323749,0.301536,0.101192,0.162327,0.158395,0.412114,0.172018,0.229084,0.229728,0.175824,1.000000,0.181716]
[0, 0, 0, 0, 0, 0, 0, 0, 0, 0, 0, 0, 0, 0, 0, 0, 0, 0, 0, 0, 0, 1, 0, 0],[0.231502,0.326226,0.067985,0.060602,0.097567,0.814314,0.098554,0.080883,0.253649,0.164345,1.000000,0.149309]
[0, 0, 0, 0, 0, 0, 0, 0, 0, 0, 0, 0, 0, 0, 0, 0, 0, 0, 0, 0, 0, 1, 0, 0],[0.146708,0.186752,0.170882,0.113966,0.131964,0.310190,0.167139,0.193440,0.221086,0.215975,1.000000,0.136133]
[0, 0, 0, 0, 0, 0, 0, 0, 0, 0, 0, 0, 0, 0, 0, 0, 0, 0, 0, 0, 0, 1, 0, 0],[0.343935,0.394237,0.318315,0.313959,0.352215,0.593838,0.330352,0.366040,0.405932,0.354934,1.000000,0.232524]
[0, 0, 0, 0, 0, 0, 0, 0, 0, 0, 0, 0, 0, 0, 0, 0, 0, 0, 0, 0, 0, 1, 0, 0],[0.265544,0.287782,0.095085,0.107787,0.153334,0.780907,0.145579,0.162327,0.179749,0.227667,1.000000,0.117783]
[0, 0, 0, 0, 0, 0, 0, 0, 0, 0, 0, 0, 0, 0, 0, 0, 0, 0, 0, 0, 0, 1, 0, 0],[1.000000,0.190997,0.071600,0.055797,0.147687,0.264833,0.066461,0.285742,0.095307,0.135917,0.907635,0.168374]
[0, 0, 0, 0, 0, 0, 0, 0, 0, 0, 0, 0, 0, 0, 0, 0, 0, 0, 0, 0, 0, 1, 0, 0],[0.151505,0.197861,0.176337,0.119199,0.135262,0.309311,0.164716,0.192305,0.214898,0.211650,1.000000,0.167981]
[0, 0, 0, 0, 0, 0, 0, 0, 0, 0, 0, 0, 0, 0, 0, 0, 0, 0, 0, 0, 0, 1, 0, 0],[0.611809,0.357485,0.254559,0.262689,0.318556,0.402207,0.310818,0.396478,0.364989,0.285372,1.000000,0.214303]
[0, 0, 0, 0, 0, 0, 0, 0, 0, 0, 0, 0, 1, 0, 0, 0, 0, 0, 0, 0, 0, 0, 0, 0],[0.102392,0.197144,0.060088,0.076348,0.102996,0.330953,1.000000,0.176883,0.137002,0.094172,0.294358,0.044387]
[0, 0, 0, 0, 0, 0, 0, 0, 0, 0, 0, 0, 1, 0, 0, 0, 0, 0, 0, 0, 0, 0, 0, 0],[0.058121,0.166608,0.051864,0.071159,0.055932,0.120178,1.000000,0.228025,0.209336,0.090913,0.224074,0.048891]
[0, 0, 0, 0, 0, 0, 0, 0, 0, 0, 0, 0, 1, 0, 0, 0, 0, 0, 0, 0, 0, 0, 0, 0],[0.110529,0.219484,0.080980,0.121934,0.111910,0.265210,1.000000,0.218075,0.355135,0.122319,0.276592,0.059574]
[0, 0, 0, 0, 0, 0, 0, 0, 0, 0, 0, 0, 1, 0, 0, 0, 0, 0, 0, 0, 0, 0, 0, 0],[0.155176,0.297865,0.195972,0.187269,0.203834,0.221195,1.000000,0.234429,0.238694,0.209113,0.265475,0.117892]
[0, 0, 0, 0, 0, 0, 0, 0, 0, 0, 0, 0, 1, 0, 0, 0, 0, 0, 0, 0, 0, 0, 0, 0],[0.038314,0.198023,0.042073,0.056332,0.068276,0.121498,1.000000,0.134774,0.105265,0.060269,0.199615,0.033333]
[0, 0, 0, 0, 0, 0, 0, 0, 0, 0, 0, 0, 1, 0, 0, 0, 0, 0, 0, 0, 0, 0, 0, 0],[0.141714,0.163940,0.054082,0.077628,0.104897,0.409076,1.000000,0.171663,0.145847,0.086974,0.209802,0.062768]
[0, 0, 0, 0, 0, 0, 0, 0, 0, 0, 0, 0, 1, 0, 0, 0, 0, 0, 0, 0, 0, 0, 0, 0],[0.149219,0.238162,0.172522,0.165529,0.193950,0.211615,1.000000,0.301753,0.237059,0.168554,0.207309,0.083440]
[0, 0, 0, 0, 0, 0, 0, 0, 0, 0, 0, 0, 1, 0, 0, 0, 0, 0, 0, 0, 0, 0, 0, 0],[0.205345,0.237026,0.193649,0.253434,0.188632,0.216185,1.000000,0.306156,0.641744,0.209974,0.184063,0.117078]
[0, 0, 0, 0, 0, 0, 0, 0, 0, 0, 0, 0, 0, 0, 0, 0, 1, 0, 0, 0, 0, 0, 0, 0],[0.291276,0.068817,0.094059,0.164555,0.117916,0.149697,0.137811,0.229829,1.000000,0.156519,0.086061,0.052398]
[0, 0, 0, 0, 0, 0, 0, 0, 0, 0, 0, 0, 0, 0, 0, 0, 1, 0, 0, 0, 0, 0, 0, 0],[0.222718,0.126489,0.055043,0.250188,0.036184,0.085392,0.062434,0.111961,1.000000,0.091098,0.040931,0.048776]
[0, 0, 0, 0, 0, 0, 0, 0, 0, 0, 0, 0, 0, 0, 0, 0, 1, 0, 0, 0, 0, 0, 0, 0],[0.217184,0.103650,0.099099,0.221557,0.113615,0.121675,0.156900,0.209877,1.000000,0.198458,0.095705,0.076168]
[0, 0, 0, 0, 0, 0, 0, 0, 0, 0, 0, 0, 0, 0, 0, 0, 1, 0, 0, 0, 0, 0, 0, 0],[0.306461,0.209403,0.185948,0.259579,0.204525,0.205360,0.233202,0.409914,1.000000,0.295610,0.156015,0.146553]
[0, 0, 0, 0, 0, 0, 0, 0, 0, 0, 0, 0, 0, 0, 0, 0, 0, 0, 0, 0, 0, 1, 0, 0],[0.113148,0.271499,0.092863,0.078666,0.117000,0.405940,0.109440,0.113304,0.139669,0.145805,1.000000,0.105641]
[0, 0, 0, 0, 0, 0, 0, 0, 0, 0, 0, 0, 0, 0, 0, 0, 0, 0, 0, 0, 0, 1, 0, 0],[0.110441,0.219587,0.059125,0.041097,0.064470,0.345845,0.059944,0.068975,0.092040,0.129452,1.000000,0.147814]
[0, 0, 0, 0, 0, 0, 0, 0, 0, 0, 0, 0, 0, 0, 0, 0, 0, 0, 0, 0, 0, 1, 0, 0],[0.214125,0.314230,0.225372,0.207525,0.221070,0.403933,0.261818,0.305155,0.333105,0.305988,1.000000,0.192520]
[0, 0, 0, 0, 0, 0, 0, 0, 0, 0, 0, 0, 0, 0, 0, 0, 0, 0, 0, 0, 0, 1, 0, 0],[0.273582,0.386448,0.306738,0.312484,0.341455,0.445509,0.324444,0.370215,0.415191,0.351605,1.000000,0.231586]
[0, 0, 0, 0, 0, 0, 0, 0, 0, 0, 0, 0, 0, 0, 0, 0, 0, 0, 0, 0, 0, 1, 0, 0],[0.409727,0.294291,0.093947,0.162696,0.163650,0.409578,0.166509,0.243437,0.246383,0.185161,1.000000,0.181771]
[0, 0, 0, 0, 0, 0, 0, 0, 0, 0, 0, 0, 0, 0, 0, 0, 0, 0, 0, 0, 0, 1, 0, 0],[0.236965,0.320470,0.069733,0.060478,0.106610,0.910277,0.105007,0.079753,0.247648,0.174998,1.000000,0.135889]
[0, 0, 0, 0, 0, 0, 0, 0, 0, 0, 0, 0, 0, 0, 0, 0, 0, 0, 0, 0, 0, 1, 0, 0],[0.147553,0.194170,0.177288,0.119685,0.132248,0.305826,0.161242,0.195756,0.219873,0.218228,1.000000,0.143758]
[0, 0, 0, 0, 0, 0, 0, 0, 0, 0, 0, 0, 0, 0, 0, 0, 0, 0, 0, 0, 0, 1, 0, 0],[0.312343,0.383351,0.315884,0.308865,0.340744,0.578272,0.335213,0.377893,0.433672,0.386349,1.000000,0.240656]
[0, 0, 0, 0, 0, 0, 0, 1, 0, 0, 0, 0, 0, 0, 0, 0, 0, 0, 0, 0, 0, 0, 0, 0],[0.125565,0.091954,0.154668,1.000000,0.205353,0.236557,0.395409,0.151140,0.128129,0.095311,0.197261,0.052385]
[0, 0, 0, 0, 0, 0, 0, 1, 0, 0, 0, 0, 0, 0, 0, 0, 0, 0, 0, 0, 0, 0, 0, 0],[0.594164,0.119968,0.149567,1.000000,0.192510,0.092956,0.220199,0.182099,0.047599,0.056613,0.242226,0.101573]
[0, 0, 1, 0, 0, 0, 0, 0, 0, 0, 0, 0, 0, 0, 0, 0, 0, 0, 0, 0, 0, 0, 0, 0],[0.206673,1.000000,0.269671,0.143920,0.187192,0.435004,0.151140,0.176102,0.562122,0.161949,0.591641,0.100950]
[0, 0, 1, 0, 0, 0, 0, 0, 0, 0, 0, 0, 0, 0, 0, 0, 0, 0, 0, 0, 0, 0, 0, 0],[0.686403,1.000000,0.334589,0.328638,0.364606,0.499230,0.353212,0.500906,0.836243,0.358073,0.264388,0.266967]
[0, 0, 1, 0, 0, 0, 0, 0, 0, 0, 0, 0, 0, 0, 0, 0, 0, 0, 0, 0, 0, 0, 0, 0],[0.235874,1.000000,0.170249,0.105133,0.121696,0.416044,0.106590,0.123822,0.449270,0.119211,0.070557,0.078145]
[0, 0, 1, 0, 0, 0, 0, 0, 0, 0, 0, 0, 0, 0, 0, 0, 0, 0, 0, 0, 0, 0, 0, 0],[0.153267,1.000000,0.184950,0.110767,0.054927,0.215826,0.043793,0.074684,0.517915,0.091394,0.040613,0.064422]
[0, 0, 1, 0, 0, 0, 0, 0, 0, 0, 0, 0, 0, 0, 0, 0, 0, 0, 0, 0, 0, 0, 0, 0],[0.293892,0.777175,0.222881,0.296615,0.176829,0.437924,0.190926,0.209244,1.000000,0.174373,0.078115,0.080793]
[0, 0, 1, 0, 0, 0, 0, 0, 0, 0, 0, 0, 0, 0, 0, 0, 0, 0, 0, 0, 0, 0, 0, 0],[0.424685,1.000000,0.506967,0.436197,0.454483,0.613835,0.455304,0.477214,0.666109,0.497430,0.268864,0.247188]
[0, 0, 1, 0, 0, 0, 0, 0, 0, 0, 0, 0, 0, 0, 0, 0, 0, 0, 0, 0, 0, 0, 0, 0],[0.359114,1.000000,0.147802,0.145240,0.148869,0.290709,0.105370,0.203080,0.483447,0.108499,0.089453,0.086340]
[0, 0, 1, 0, 0, 0, 0, 0, 0, 0, 0, 0, 0, 0, 0, 0, 0, 0, 0, 0, 0, 0, 0, 0],[0.310530,1.000000,0.126837,0.099468,0.081273,0.599929,0.060029,0.061744,0.446712,0.082425,0.057854,0.071330]
[0, 0, 1, 0, 0, 0, 0, 0, 0, 0, 0, 0, 0, 0, 0, 0, 0, 0, 0, 0, 0, 0, 0, 0],[0.169929,1.000000,0.279041,0.461394,0.254665,0.388496,0.258615,0.300617,0.471523,0.273371,0.352967,0.130102]
[0, 0, 1, 0, 0, 0, 0, 0, 0, 0, 0, 0, 0, 0, 0, 0, 0, 0, 0, 0, 0, 0, 0, 0],[0.471871,1.000000,0.426568,0.393628,0.420819,0.744213,0.424190,0.414249,0.538395,0.432943,0.245486,0.217231]
[0, 0, 0, 0, 0, 0, 0, 0, 0, 0, 0, 0, 0, 0, 0, 0, 1, 0, 0, 0, 0, 0, 0, 0],[0.319464,0.290465,0.086826,0.152007,0.126700,0.166727,0.119812,0.289932,1.000000,0.162772,0.074276,0.082079]
[0, 0, 0, 0, 0, 0, 0, 0, 0, 0, 0, 0, 0, 0, 0, 0, 1, 0, 0, 0, 0, 0, 0, 0],[0.228530,0.047013,0.055830,0.253278,0.051854,0.049387,0.058576,0.116501,1.000000,0.151238,0.097391,0.052123]
[0, 0, 0, 0, 0, 0, 0, 0, 0, 0, 0, 0, 0, 0, 0, 0, 1, 0, 0, 0, 0, 0, 0, 0],[0.382059,0.145759,0.142702,0.227403,0.166176,0.921222,0.206057,0.258205,1.000000,0.206010,0.112206,0.097366]
[0, 0, 0, 0, 0, 0, 0, 0, 0, 0, 0, 0, 0, 0, 0, 0, 1, 0, 0, 0, 0, 0, 0, 0],[0.292787,0.237589,0.258181,0.345094,0.294323,0.369413,0.304028,0.362204,1.000000,0.302184,0.161110,0.154247]
[0, 0, 1, 0, 0, 0, 0, 0, 0, 0, 0, 0, 0, 0, 0, 0, 0, 0, 0, 0, 0, 0, 0, 0],[0.311618,1.000000,0.153401,0.116049,0.146406,0.283103,0.120470,0.155466,0.461511,0.120954,0.084878,0.097664]
[0, 0, 1, 0, 0, 0, 0, 0, 0, 0, 0, 0, 0, 0, 0, 0, 0, 0, 0, 0, 0, 0, 0, 0],[0.155833,1.000000,0.176483,0.077703,0.053526,0.218643,0.027625,0.045403,0.431292,0.055174,0.042247,0.059984]
[0, 0, 1, 0, 0, 0, 0, 0, 0, 0, 0, 0, 0, 0, 0, 0, 0, 0, 0, 0, 0, 0, 0, 0],[0.213952,1.000000,0.281847,0.877145,0.217115,0.322361,0.206945,0.254111,0.415558,0.178482,0.233721,0.104078]
[0, 0, 1, 0, 0, 0, 0, 0, 0, 0, 0, 0, 0, 0, 0, 0, 0, 0, 0, 0, 0, 0, 0, 0],[0.241206,0.580437,0.353056,0.279853,0.279313,0.454427,0.277624,0.300477,0.420369,0.288351,1.000000,0.162450]
[0, 0, 0, 0, 0, 0, 0, 0, 0, 0, 0, 0, 0, 0, 0, 0, 0, 0, 0, 0, 0, 1, 0, 0],[0.269717,0.326310,0.112492,0.183219,0.158529,0.408640,0.169550,0.228319,0.253256,0.196777,1.000000,0.190023]
[0, 0, 0, 0, 0, 0, 0, 0, 0, 0, 0, 0, 0, 0, 0, 0, 0, 0, 0, 0, 0, 1, 0, 0],[0.233107,0.332719,0.080349,0.065232,0.102309,0.646499,0.115216,0.086244,0.303719,0.178738,1.000000,0.151860]
[0, 0, 0, 0, 0, 0, 0, 0, 0, 0, 0, 0, 0, 0, 0, 0, 0, 0, 0, 0, 0, 1, 0, 0],[0.141866,0.185956,0.167972,0.112202,0.130684,0.308641,0.169834,0.200750,0.219111,0.208845,1.000000,0.139891]
[0, 0, 0, 0, 0, 0, 0, 0, 0, 0, 0, 0, 0, 0, 0, 0, 0, 0, 0, 0, 0, 1, 0, 0],[0.314981,0.384390,0.306333,0.302302,0.337972,0.581417,0.318546,0.354662,0.386486,0.337625,1.000000,0.228375]
[0, 0, 0, 0, 0, 0, 0, 0, 0, 0, 0, 0, 0, 0, 0, 0, 0, 0, 0, 0, 0, 1, 0, 0],[0.261773,0.296636,0.092675,0.100382,0.152162,0.761462,0.152227,0.161363,0.182656,0.218886,1.000000,0.120917]
[0, 0, 0, 0, 0, 0, 0, 0, 0, 0, 0, 0, 0, 0, 0, 0, 0, 0, 0, 0, 0, 1, 0, 0],[1.000000,0.170040,0.076891,0.060004,0.145739,0.256910,0.069441,0.278140,0.085319,0.145685,0.885954,0.191448]
[0, 0, 0, 0, 0, 0, 0, 0, 0, 0, 0, 0, 0, 0, 0, 0, 0, 0, 0, 0, 0, 1, 0, 0],[0.140674,0.187454,0.170908,0.117450,0.132716,0.316429,0.168740,0.203190,0.236304,0.239915,1.000000,0.170521]
[0, 0, 0, 0, 0, 0, 0, 0, 0, 0, 0, 0, 0, 0, 0, 0, 0, 0, 0, 0, 0, 1, 0, 0],[0.772047,0.362092,0.263120,0.263884,0.317478,0.392713,0.298799,0.407275,0.379878,0.295616,1.000000,0.220397]
[0, 0, 0, 0, 0, 0, 0, 0, 0, 0, 0, 0, 1, 0, 0, 0, 0, 0, 0, 0, 0, 0, 0, 0],[0.110643,0.199702,0.069768,0.085663,0.128597,0.412476,1.000000,0.168316,0.141502,0.104398,0.290726,0.053837]
[0, 0, 0, 0, 0, 0, 0, 0, 0, 0, 0, 0, 1, 0, 0, 0, 0, 0, 0, 0, 0, 0, 0, 0],[0.050656,0.162917,0.050037,0.062955,0.065797,0.114079,1.000000,0.240048,0.175123,0.093372,0.221256,0.054607]
[0, 0, 0, 0, 0, 0, 0, 0, 0, 0, 0, 0, 1, 0, 0, 0, 0, 0, 0, 0, 0, 0, 0, 0],[0.120463,0.222407,0.075565,0.113274,0.103000,0.241207,1.000000,0.176846,0.426232,0.109925,0.268598,0.061293]
[0, 0, 0, 0, 0, 0, 0, 0, 0, 0, 0, 0, 1, 0, 0, 0, 0, 0, 0, 0, 0, 0, 0, 0],[0.137933,0.294614,0.232377,0.192429,0.230750,0.234762,1.000000,0.344099,0.274556,0.254148,0.309279,0.150630]
[0, 0, 0, 0, 0, 0, 0, 0, 0, 0, 0, 0, 1, 0, 0, 0, 0, 0, 0, 0, 0, 0, 0, 0],[0.033556,0.195227,0.044270,0.056284,0.069351,0.121333,1.000000,0.130068,0.099490,0.053259,0.193914,0.035798]
[0, 0, 0, 0, 0, 0, 0, 0, 0, 0, 0, 0, 1, 0, 0, 0, 0, 0, 0, 0, 0, 0, 0, 0],[0.158141,0.171990,0.053400,0.085736,0.105270,0.536550,1.000000,0.161630,0.156093,0.082771,0.203789,0.060696]
[0, 0, 0, 0, 0, 0, 0, 0, 0, 0, 0, 0, 1, 0, 0, 0, 0, 0, 0, 0, 0, 0, 0, 0],[0.128001,0.237878,0.162211,0.152543,0.189736,0.212883,1.000000,0.377354,0.256242,0.185742,0.216223,0.086692]
[0, 0, 0, 0, 0, 0, 0, 0, 0, 0, 0, 0, 1, 0, 0, 0, 0, 0, 0, 0, 0, 0, 0, 0],[0.189179,0.229081,0.175870,0.221107,0.187130,0.223861,1.000000,0.262138,0.503393,0.218854,0.189791,0.123879]
[0, 0, 0, 0, 0, 0, 0, 0, 0, 0, 0, 0, 0, 0, 0, 0, 1, 0, 0, 0, 0, 0, 0, 0],[0.300904,0.090671,0.083487,0.178443,0.111885,0.143953,0.143313,0.199756,1.000000,0.220793,0.090588,0.055868]
[0, 0, 0, 0, 0, 0, 0, 0, 0, 0, 0, 0, 0, 0, 0, 0, 1, 0, 0, 0, 0, 0, 0, 0],[0.223437,0.181782,0.053282,0.231931,0.040372,0.093647,0.062267,0.107501,1.000000,0.104712,0.042203,0.051811]
[0, 0, 0, 0, 0, 0, 0, 0, 0, 0, 0, 0, 0, 0, 0, 0, 1, 0, 0, 0, 0, 0, 0, 0],[0.215025,0.114531,0.102360,0.226174,0.126830,0.125553,0.158354,0.200951,1.000000,0.297507,0.125196,0.088117]
[0, 0, 0, 0, 0, 0, 0, 0, 0, 0, 0, 0, 0, 0, 0, 0, 1, 0, 0, 0, 0, 0, 0, 0],[0.243009,0.169566,0.175842,0.252103,0.190034,0.190474,0.218425,0.366478,1.000000,0.248302,0.117872,0.123930]
[0, 0, 0, 0, 0, 0, 0, 0, 0, 0, 0, 0, 0, 0, 0, 0, 0, 0, 0, 0, 0, 1, 0, 0],[0.115366,0.278711,0.100680,0.076489,0.116053,0.412763,0.124382,0.104680,0.140076,0.158221,1.000000,0.161161]
[0, 0, 0, 0, 0, 0, 0, 0, 0, 0, 0, 0, 0, 0, 0, 0, 0, 0, 0, 0, 0, 1, 0, 0],[0.115302,0.222465,0.069238,0.048314,0.061024,0.353034,0.075475,0.074177,0.095733,0.131312,1.000000,0.218951]
[0, 0, 0, 0, 0, 0, 0, 0, 0, 0, 0, 0, 0, 0, 0, 0, 0, 0, 0, 0, 0, 1, 0, 0],[0.213938,0.328113,0.234126,0.219560,0.246704,0.431892,0.272753,0.312177,0.341175,0.311640,1.000000,0.224427]
[0, 0, 0, 0, 0, 0, 0, 0, 0, 0, 0, 0, 0, 0, 0, 0, 0, 0, 0, 0, 0, 1, 0, 0],[0.284046,0.400240,0.318608,0.319704,0.347977,0.449437,0.314641,0.355190,0.408375,0.355956,1.000000,0.235308]
[0, 0, 0, 0, 0, 0, 0, 0, 0, 0, 0, 0, 0, 0, 0, 0, 0, 0, 0, 0, 0, 1, 0, 0],[0.398072,0.280134,0.106101,0.186498,0.162440,0.404629,0.139006,0.272608,0.280273,0.223807,1.000000,0.141908]
[0, 0, 0, 0, 0, 0, 0, 0, 0, 0, 0, 0, 0, 0, 0, 0, 0, 0, 0, 0, 0, 1, 0, 0],[0.225272,0.311199,0.065755,0.059450,0.090462,0.902006,0.095382,0.082713,0.293970,0.156012,1.000000,0.143996]
[0, 0, 0, 0, 0, 0, 0, 0, 0, 0, 0, 0, 0, 0, 0, 0, 0, 0, 0, 0, 0, 1, 0, 0],[0.145837,0.190129,0.170306,0.115739,0.134969,0.320256,0.168709,0.200266,0.228629,0.219889,1.000000,0.163926]
[0, 0, 0, 0, 0, 0, 0, 0, 0, 0, 0, 0, 0, 0, 0, 0, 0, 0, 0, 0, 0, 1, 0, 0],[0.315905,0.393759,0.307740,0.307795,0.339064,0.543437,0.322487,0.366312,0.399651,0.346829,1.000000,0.221661]
[0, 0, 0, 0, 0, 0, 0, 1, 0, 0, 0, 0, 0, 0, 0, 0, 0, 0, 0, 0, 0, 0, 0, 0],[0.119329,0.096383,0.169632,1.000000,0.191599,0.217413,0.394551,0.147437,0.127637,0.101058,0.188965,0.054708]
[0, 0, 0, 0, 0, 0, 0, 1, 0, 0, 0, 0, 0, 0, 0, 0, 0, 0, 0, 0, 0, 0, 0, 0],[0.595048,0.115159,0.161624,1.000000,0.189578,0.085526,0.227553,0.190424,0.044251,0.064622,0.233839,0.099709]
[0, 0, 1, 0, 0, 0, 0, 0, 0, 0, 0, 0, 0, 0, 0, 0, 0, 0, 0, 0, 0, 0, 0, 0],[0.208988,1.000000,0.287499,0.129891,0.171465,0.422179,0.141918,0.163891,0.571410,0.168848,0.594993,0.112778]
[0, 0, 1, 0, 0, 0, 0, 0, 0, 0, 0, 0, 0, 0, 0, 0, 0, 0, 0, 0, 0, 0, 0, 0],[0.545154,1.000000,0.290898,0.305929,0.318568,0.475973,0.316335,0.431661,0.805749,0.335418,0.240540,0.199079]
[0, 0, 1, 0, 0, 0, 0, 0, 0, 0, 0, 0, 0, 0, 0, 0, 0, 0, 0, 0, 0, 0, 0, 0],[0.248301,1.000000,0.154506,0.102610,0.120166,0.426031,0.109729,0.113982,0.444112,0.111603,0.072891,0.071668]
[0, 0, 1, 0, 0, 0, 0, 0, 0, 0, 0, 0, 0, 0, 0, 0, 0, 0, 0, 0, 0, 0, 0, 0],[0.160762,1.000000,0.160341,0.128134,0.064193,0.210285,0.053131,0.073066,0.535585,0.093208,0.048336,0.066352]
[0, 0, 1, 0, 0, 0, 0, 0, 0, 0, 0, 0, 0, 0, 0, 0, 0, 0, 0, 0, 0, 0, 0, 0],[0.245609,0.725519,0.212748,0.287587,0.180596,0.416408,0.198313,0.214026,1.000000,0.197305,0.097769,0.092396]
[0, 0, 1, 0, 0, 0, 0, 0, 0, 0, 0, 0, 0, 0, 0, 0, 0, 0, 0, 0, 0, 0, 0, 0],[0.409761,1.000000,0.471435,0.437058,0.467229,0.590667,0.452411,0.486461,0.642267,0.422749,0.251835,0.243172]
[0, 0, 1, 0, 0, 0, 0, 0, 0, 0, 0, 0, 0, 0, 0, 0, 0, 0, 0, 0, 0, 0, 0, 0],[0.319934,1.000000,0.158347,0.150427,0.148035,0.279236,0.114496,0.182195,0.477871,0.117683,0.080046,0.088289]
[0, 0, 1, 0, 0, 0, 0, 0, 0, 0, 0, 0, 0, 0, 0, 0, 0, 0, 0, 0, 0, 0, 0, 0],[0.318202,1.000000,0.127182,0.102972,0.079118,0.532126,0.060962,0.055294,0.429967,0.076795,0.056959,0.067796]
[0, 0, 1, 0, 0, 0, 0, 0, 0, 0, 0, 0, 0, 0, 0, 0, 0, 0, 0, 0, 0, 0, 0, 0],[0.170524,1.000000,0.268717,0.414046,0.249045,0.382182,0.233830,0.272364,0.432381,0.221264,0.290901,0.109984]
[0, 0, 1, 0, 0, 0, 0, 0, 0, 0, 0, 0, 0, 0, 0, 0, 0, 0, 0, 0, 0, 0, 0, 0],[0.470672,1.000000,0.439243,0.391164,0.427999,0.680350,0.413127,0.404299,0.531220,0.426938,0.248103,0.221703]
[0, 0, 0, 0, 0, 0, 0, 0, 0, 0, 0, 0, 0, 0, 0, 0, 1, 0, 0, 0, 0, 0, 0, 0],[0.324162,0.303118,0.078659,0.150633,0.118178,0.153671,0.114255,0.262045,1.000000,0.144042,0.078822,0.087780]
[0, 0, 0, 0, 0, 0, 0, 0, 0, 0, 0, 0, 0, 0, 0, 0, 1, 0, 0, 0, 0, 0, 0, 0],[0.231425,0.053572,0.070195,0.245632,0.051299,0.054224,0.065401,0.115823,1.000000,0.132773,0.142999,0.066479]
[0, 0, 0, 0, 0, 0, 0, 0, 0, 0, 0, 0, 0, 0, 0, 0, 1, 0, 0, 0, 0, 0, 0, 0],[0.366682,0.172221,0.149658,0.233582,0.184910,0.783479,0.283142,0.246040,1.000000,0.281641,0.138590,0.120890]
[0, 0, 0, 0, 0, 0, 0, 0, 0, 0, 0, 0, 0, 0, 0, 0, 1, 0, 0, 0, 0, 0, 0, 0],[0.313916,0.238530,0.256590,0.346270,0.294334,0.414891,0.302676,0.350979,1.000000,0.295757,0.157154,0.154825]
[0, 0, 1, 0, 0, 0, 0, 0, 0, 0, 0, 0, 0, 0, 0, 0, 0, 0, 0, 0, 0, 0, 0, 0],[0.282848,1.000000,0.175344,0.114706,0.146604,0.279928,0.116349,0.152092,0.457358,0.128991,0.080121,0.102240]
[0, 0, 1, 0, 0, 0, 0, 0, 0, 0, 0, 0, 0, 0, 0, 0, 0, 0, 0, 0, 0, 0, 0, 0],[0.182433,1.000000,0.135731,0.073606,0.057710,0.219557,0.033645,0.038333,0.438801,0.047897,0.047467,0.060392]
[0, 0, 1, 0, 0, 0, 0, 0, 0, 0, 0, 0, 0, 0, 0, 0, 0, 0, 0, 0, 0, 0, 0, 0],[0.201731,1.000000,0.269854,0.873668,0.233546,0.351334,0.229889,0.274553,0.427360,0.173822,0.233303,0.098650]
[0, 0, 1, 0, 0, 0, 0, 0, 0, 0, 0, 0, 0, 0, 0, 0, 0, 0, 0, 0, 0, 0, 0, 0],[0.235774,0.573671,0.339532,0.262553,0.261656,0.455002,0.270696,0.306961,0.421229,0.286542,1.000000,0.159449]
[0, 0, 0, 0, 0, 0, 0, 0, 0, 0, 0, 0, 0, 0, 0, 0, 0, 0, 0, 0, 0, 1, 0, 0],[0.284708,0.268059,0.090726,0.155388,0.153564,0.404152,0.141981,0.237275,0.238459,0.197893,1.000000,0.151716]
[0, 0, 0, 0, 0, 0, 0, 0, 0, 0, 0, 0, 0, 0, 0, 0, 0, 0, 0, 0, 0, 1, 0, 0],[0.220025,0.352857,0.069829,0.066129,0.092701,0.769108,0.111526,0.085622,0.281408,0.170027,1.000000,0.149381]
[0, 0, 0, 0, 0, 0, 0, 0, 0, 0, 0, 0, 0, 0, 0, 0, 0, 0, 0, 0, 0, 1, 0, 0],[0.164130,0.196308,0.177170,0.122546,0.129081,0.306400,0.164082,0.192169,0.224599,0.214128,1.000000,0.157026]
[0, 0, 0, 0, 0, 0, 0, 0, 0, 0, 0, 0, 0, 0, 0, 0, 0, 0, 0, 0, 0, 1, 0, 0],[0.283319,0.375395,0.310341,0.304594,0.344450,0.476468,0.349461,0.386316,0.435155,0.381935,1.000000,0.245036]
[0, 0, 0, 0, 0, 0, 0, 0, 0, 0, 0, 0, 0, 0, 0, 0, 0, 0, 0, 0, 0, 1, 0, 0],[0.268669,0.298677,0.092628,0.105817,0.158488,0.716047,0.150735,0.164019,0.174083,0.241697,1.000000,0.120288]
[0, 0, 0, 0, 0, 0, 0, 0, 0, 0, 0, 0, 0, 0, 0, 0, 0, 0, 0, 0, 0, 1, 0, 0],[0.983206,0.183699,0.075060,0.082426,0.162045,0.284990,0.105695,0.288946,0.095648,0.248691,1.000000,0.308392]
[0, 0, 0, 0, 0, 0, 0, 0, 0, 0, 0, 0, 0, 0, 0, 0, 0, 0, 0, 0, 0, 1, 0, 0],[0.146629,0.188797,0.170380,0.118732,0.133961,0.320758,0.174483,0.198867,0.224887,0.218481,1.000000,0.166395]
[0, 0, 0, 0, 0, 0, 0, 0, 0, 0, 0, 0, 0, 0, 0, 0, 0, 0, 0, 0, 0, 1, 0, 0],[0.478526,0.373335,0.294016,0.266775,0.320711,0.402062,0.329313,0.403780,0.415985,0.354665,1.000000,0.265670]
[0, 0, 0, 0, 0, 0, 0, 0, 0, 0, 0, 0, 1, 0, 0, 0, 0, 0, 0, 0, 0, 0, 0, 0],[0.108189,0.205534,0.062431,0.082297,0.112794,0.362184,1.000000,0.160845,0.139517,0.101147,0.289377,0.051599]
[0, 0, 0, 0, 0, 0, 0, 0, 0, 0, 0, 0, 1, 0, 0, 0, 0, 0, 0, 0, 0, 0, 0, 0],[0.048725,0.162778,0.053001,0.068921,0.061404,0.129227,1.000000,0.211090,0.184975,0.081761,0.218798,0.044452]
[0, 0, 0, 0, 0, 0, 0, 0, 0, 0, 0, 0, 1, 0, 0, 0, 0, 0, 0, 0, 0, 0, 0, 0],[0.111765,0.223010,0.084172,0.112873,0.109539,0.280641,1.000000,0.198261,0.318058,0.113107,0.272719,0.061733]
[0, 0, 0, 0, 0, 0, 0, 0, 0, 0, 0, 0, 1, 0, 0, 0, 0, 0, 0, 0, 0, 0, 0, 0],[0.147015,0.297754,0.224508,0.188837,0.224282,0.224147,1.000000,0.329362,0.250536,0.229569,0.282512,0.140943]
[0, 0, 0, 0, 0, 0, 0, 0, 0, 0, 0, 0, 1, 0, 0, 0, 0, 0, 0, 0, 0, 0, 0, 0],[0.033546,0.197625,0.044233,0.048886,0.070717,0.108260,1.000000,0.131204,0.104270,0.063645,0.197228,0.033305]
[0, 0, 0, 0, 0, 0, 0, 0, 0, 0, 0, 0, 1, 0, 0, 0, 0, 0, 0, 0, 0, 0, 0, 0],[0.158551,0.173636,0.052034,0.084812,0.099081,0.530293,1.000000,0.183681,0.149083,0.085412,0.209741,0.059365]
[0, 0, 0, 0, 0, 0, 0, 0, 0, 0, 0, 0, 1, 0, 0, 0, 0, 0, 0, 0, 0, 0, 0, 0],[0.136885,0.229823,0.160914,0.158264,0.191688,0.203393,1.000000,0.313378,0.243946,0.171389,0.211237,0.082370]
[0, 0, 0, 0, 0, 0, 0, 0, 0, 0, 0, 0, 1, 0, 0, 0, 0, 0, 0, 0, 0, 0, 0, 0],[0.207507,0.243916,0.184202,0.229904,0.198070,0.231015,1.000000,0.306912,0.569753,0.245380,0.213690,0.143285]
[0, 0, 0, 0, 0, 0, 0, 0, 0, 0, 0, 0, 0, 0, 0, 0, 1, 0, 0, 0, 0, 0, 0, 0],[0.302117,0.082841,0.082796,0.180746,0.116267,0.143701,0.137249,0.199027,1.000000,0.192933,0.086703,0.047256]
[0, 0, 0, 0, 0, 0, 0, 0, 0, 0, 0, 0, 0, 0, 0, 0, 1, 0, 0, 0, 0, 0, 0, 0],[0.219870,0.130798,0.056804,0.246286,0.036596,0.086366,0.062949,0.115295,1.000000,0.082144,0.040886,0.046374]
[0, 0, 0, 0, 0, 0, 0, 0, 0, 0, 0, 0, 0, 0, 0, 0, 1, 0, 0, 0, 0, 0, 0, 0],[0.221037,0.113981,0.126714,0.245762,0.126016,0.143352,0.176534,0.316137,1.000000,0.178048,0.097827,0.097455]
[0, 0, 0, 0, 0, 0, 0, 0, 0, 0, 0, 0, 0, 0, 0, 0, 1, 0, 0, 0, 0, 0, 0, 0],[0.304513,0.208050,0.182478,0.255253,0.218240,0.210146,0.237809,0.436839,1.000000,0.311967,0.163127,0.139227]
[0, 0, 0, 0, 0, 0, 0, 0, 0, 0, 0, 0, 0, 0, 0, 0, 0, 0, 0, 0, 0, 1, 0, 0],[0.117990,0.275732,0.102073,0.078047,0.115164,0.407537,0.116957,0.107522,0.141051,0.139903,1.000000,0.131706]
[0, 0, 0, 0, 0, 0, 0, 0, 0, 0, 0, 0, 0, 0, 0, 0, 0, 0, 0, 0, 0, 1, 0, 0],[0.111716,0.218205,0.056284,0.043816,0.070281,0.346173,0.059129,0.069304,0.095447,0.132324,1.000000,0.140744]
[0, 0, 0, 0, 0, 0, 0, 0, 0, 0, 0, 0, 0, 0, 0, 0, 0, 0, 0, 0, 0, 1, 0, 0],[0.190786,0.291257,0.205767,0.197013,0.229251,0.412381,0.268048,0.304294,0.330764,0.300688,1.000000,0.151769]
[0, 0, 0, 0, 0, 0, 0, 0, 0, 0, 0, 0, 0, 0, 0, 0, 0, 0, 0, 0, 0, 1, 0, 0],[0.281934,0.396796,0.315036,0.320593,0.349851,0.445180,0.321800,0.364554,0.408422,0.358980,1.000000,0.246313]
[0, 0, 0, 0, 0, 0, 0, 0, 0, 0, 0, 0, 1, 0, 0, 0, 0, 0, 0, 0, 0, 0, 0, 0],[0.163757,0.267575,0.070720,0.178151,0.113541,0.162044,1.000000,0.141473,0.250747,0.087031,0.488824,0.084990]
[0, 0, 0, 0, 0, 0, 0, 0, 0, 0, 0, 0, 1, 0, 0, 0, 0, 0, 0, 0, 0, 0, 0, 0],[0.179210,0.362395,0.051485,0.051486,0.077800,0.517584,0.939469,0.108052,0.174340,0.065884,0.195380,0.058409]
[0, 0, 0, 0, 0, 0, 0, 0, 0, 0, 0, 0, 1, 0, 0, 0, 0, 0, 0, 0, 0, 0, 0, 0],[0.251883,0.095876,0.033012,0.057684,0.046451,1.000000,0.429614,0.066458,0.029555,0.081051,0.106899,0.030041]
[0, 0, 0, 0, 0, 0, 0, 0, 0, 0, 0, 0, 1, 0, 0, 0, 0, 0, 0, 0, 0, 0, 0, 0],[0.089394,0.156826,0.021736,0.074960,0.033974,0.068676,1.000000,0.124384,0.123597,0.032582,0.149181,0.024350]
[0, 0, 0, 0, 0, 0, 0, 0, 0, 0, 0, 0, 0, 0, 0, 0, 0, 0, 0, 0, 0, 1, 0, 0],[0.103161,0.346918,0.058777,0.089611,0.123710,0.396246,0.566849,0.102121,0.097430,0.097447,1.000000,0.100904]
[0, 0, 0, 0, 0, 0, 0, 0, 0, 0, 0, 0, 0, 0, 0, 0, 0, 0, 0, 0, 0, 1, 0, 0],[0.241522,0.108701,0.035881,0.057808,0.047125,1.000000,0.069633,0.050669,0.050468,0.114227,0.477833,0.083353]
[0, 0, 0, 0, 0, 0, 0, 1, 0, 0, 0, 0, 0, 0, 0, 0, 0, 0, 0, 0, 0, 0, 0, 0],[0.061352,0.088068,0.196843,1.000000,0.161397,0.177270,0.449374,0.094921,0.093751,0.071362,0.752738,0.067921]
[0, 0, 0, 0, 0, 0, 0, 1, 0, 0, 0, 0, 0, 0, 0, 0, 0, 0, 0, 0, 0, 0, 0, 0],[0.135412,0.074763,0.109251,1.000000,0.122467,0.199922,0.162608,0.061505,0.343144,0.079518,0.202280,0.044642]
[0, 0, 1, 0, 0, 0, 0, 0, 0, 0, 0, 0, 0, 0, 0, 0, 0, 0, 0, 0, 0, 0, 0, 0],[0.350508,1.000000,0.085370,0.066327,0.103083,0.214017,0.049672,0.108790,0.427669,0.047678,0.049744,0.071805]
[0, 0, 1, 0, 0, 0, 0, 0, 0, 0, 0, 0, 0, 0, 0, 0, 0, 0, 0, 0, 0, 0, 0, 0],[0.122435,1.000000,0.158977,0.054038,0.043309,0.201787,0.029606,0.042433,0.298776,0.049527,0.298686,0.068217]
[0, 0, 1, 0, 0, 0, 0, 0, 0, 0, 0, 0, 0, 0, 0, 0, 0, 0, 0, 0, 0, 0, 0, 0],[0.110069,1.000000,0.106669,0.056662,0.039213,0.154721,0.747344,0.049113,0.171092,0.037428,0.061790,0.046685]
[0, 0, 1, 0, 0, 0, 0, 0, 0, 0, 0, 0, 0, 0, 0, 0, 0, 0, 0, 0, 0, 0, 0, 0],[0.113709,0.392021,0.052840,0.112215,0.030074,0.061022,1.000000,0.056040,0.216049,0.036297,0.052258,0.031517]
[0, 0, 0, 0, 0, 0, 0, 0, 0, 0, 0, 0, 0, 0, 0, 0, 0, 0, 0, 0, 0, 1, 0, 0],[0.159120,0.261876,0.064049,0.189800,0.128094,0.378176,0.088147,0.088195,0.527278,0.136914,1.000000,0.106200]
[0, 0, 0, 0, 0, 0, 0, 0, 0, 0, 0, 0, 0, 0, 0, 0, 0, 0, 0, 0, 0, 1, 0, 0],[0.243098,0.339308,0.057203,0.050942,0.060665,0.701263,0.050016,0.047908,0.190348,0.105158,0.973672,0.115806]
[0, 0, 0, 0, 0, 0, 0, 0, 0, 0, 0, 0, 0, 0, 0, 0, 0, 0, 0, 0, 0, 1, 0, 0],[0.190169,0.117584,0.033617,0.046079,0.046168,0.478305,0.048302,0.036234,0.043278,0.113175,1.000000,0.081483]
[0, 0, 0, 0, 0, 0, 0, 0, 0, 0, 0, 0, 0, 0, 0, 0, 0, 0, 0, 0, 0, 1, 0, 0],[0.084861,0.118104,0.028928,0.058611,0.026485,0.089205,0.047588,0.041109,0.152974,0.069321,1.000000,0.078774]
[0, 0, 0, 0, 0, 0, 0, 1, 0, 0, 0, 0, 0, 0, 0, 0, 0, 0, 0, 0, 0, 0, 0, 0],[0.058725,0.156589,0.124933,1.000000,0.113060,0.107147,0.621427,0.094308,0.060160,0.045434,0.214049,0.048418]
[0, 0, 0, 0, 0, 0, 0, 1, 0, 0, 0, 0, 0, 0, 0, 0, 0, 0, 0, 0, 0, 0, 0, 0],[0.258340,0.076248,0.121133,0.898367,0.140028,1.000000,0.168035,0.061384,0.038849,0.079998,0.223233,0.048361]
[0, 0, 0, 0, 0, 0, 0, 1, 0, 0, 0, 0, 0, 0, 0, 0, 0, 0, 0, 0, 0, 0, 0, 0],[0.034924,0.059670,0.165951,0.890055,0.093844,0.157220,0.048332,0.047941,0.087417,0.040083,1.000000,0.037675]
[0, 0, 0, 0, 0, 0, 0, 1, 0, 0, 0, 0, 0, 0, 0, 0, 0, 0, 0, 0, 0, 0, 0, 0],[0.145648,0.059242,0.076716,0.576647,0.091883,0.243808,0.070965,0.049749,0.793332,0.067169,0.112132,0.046478]
[0, 0, 0, 0, 0, 0, 0, 0, 0, 0, 0, 0, 0, 0, 0, 0, 1, 0, 0, 0, 0, 0, 0, 0],[0.381018,0.251621,0.086851,0.407081,0.117449,0.096140,0.072256,0.248136,1.000000,0.086085,0.067519,0.078329]
[0, 0, 0, 0, 0, 0, 0, 0, 0, 0, 0, 0, 0, 0, 0, 0, 1, 0, 0, 0, 0, 0, 0, 0],[0.198136,0.032399,0.100322,0.146616,0.039454,0.100108,0.045665,0.076212,1.000000,0.090295,0.414306,0.041495]
[0, 0, 0, 0, 0, 0, 0, 0, 0, 0, 0, 1, 0, 0, 0, 0, 0, 0, 0, 0, 0, 0, 0, 0],[0.172880,0.153677,0.068784,0.088886,0.133310,1.000000,0.754848,0.081915,0.224412,0.060859,0.063843,0.039569]
[0, 0, 0, 0, 0, 0, 0, 0, 0, 0, 0, 1, 0, 0, 0, 0, 0, 0, 0, 0, 0, 0, 0, 0],[0.178264,0.145885,0.047290,0.059801,0.098403,1.000000,0.941262,0.096225,0.124939,0.036287,0.053680,0.029991]
[0, 0, 1, 0, 0, 0, 0, 0, 0, 0, 0, 0, 0, 0, 0, 0, 0, 0, 0, 0, 0, 0, 0, 0],[0.187243,1.000000,0.117522,0.128371,0.083658,0.257945,0.080994,0.066367,0.508921,0.091784,0.056189,0.073276]
[0, 0, 1, 0, 0, 0, 0, 0, 0, 0, 0, 0, 0, 0, 0, 0, 0, 0, 0, 0, 0, 0, 0, 0],[0.254949,1.000000,0.089146,0.076920,0.050795,0.695367,0.034143,0.047201,0.255418,0.068024,0.041848,0.061989]
[0, 0, 1, 0, 0, 0, 0, 0, 0, 0, 0, 0, 0, 0, 0, 0, 0, 0, 0, 0, 0, 0, 0, 0],[0.274020,0.395507,0.053685,0.067695,0.033691,1.000000,0.033753,0.049016,0.090529,0.075429,0.030886,0.043902]
[0, 0, 1, 0, 0, 0, 0, 0, 0, 0, 0, 0, 0, 0, 0, 0, 0, 0, 0, 0, 0, 0, 0, 0],[0.113193,1.000000,0.125524,0.073085,0.021290,0.113559,0.042679,0.027792,0.162477,0.039146,0.020670,0.029255]
[0, 0, 0, 0, 0, 0, 0, 0, 0, 0, 0, 0, 0, 0, 0, 0, 1, 0, 0, 0, 0, 0, 0, 0],[0.284282,0.183592,0.075022,0.451901,0.109048,0.103931,0.556855,0.132545,1.000000,0.080288,0.079231,0.047502]
[0, 0, 0, 0, 0, 0, 0, 0, 0, 0, 0, 0, 0, 0, 0, 0, 1, 0, 0, 0, 0, 0, 0, 0],[0.359061,0.037960,0.034090,0.185768,0.047250,1.000000,0.059350,0.071175,0.716892,0.109269,0.043913,0.039471]
[0, 0, 0, 0, 0, 0, 0, 1, 0, 0, 0, 0, 0, 0, 0, 0, 0, 0, 0, 0, 0, 0, 0, 0],[0.052057,0.154062,0.109983,1.000000,0.169614,0.112424,0.670506,0.126294,0.053147,0.043151,0.210253,0.042906]
[0, 0, 0, 0, 0, 0, 0, 1, 0, 0, 0, 0, 0, 0, 0, 0, 0, 0, 0, 0, 0, 0, 0, 0],[0.151580,0.171258,0.096647,0.889142,0.143095,0.078227,0.644737,0.180047,0.047211,0.053112,0.229952,0.054328]
[0, 0, 1, 0, 0, 0, 0, 0, 0, 0, 0, 0, 0, 0, 0, 0, 0, 0, 0, 0, 0, 0, 0, 0],[0.143054,1.000000,0.101739,0.087864,0.069407,0.245531,0.063070,0.068010,0.398780,0.055395,0.040660,0.055443]
[0, 0, 1, 0, 0, 0, 0, 0, 0, 0, 0, 0, 0, 0, 0, 0, 0, 0, 0, 0, 0, 0, 0, 0],[0.363509,1.000000,0.176741,0.061063,0.083853,0.204947,0.032388,0.206105,0.314213,0.057550,0.362421,0.081712]
[0, 0, 1, 0, 0, 0, 0, 0, 0, 0, 0, 0, 0, 0, 0, 0, 0, 0, 0, 0, 0, 0, 0, 0],[0.201471,0.451070,0.074505,0.164606,0.045705,0.230312,0.056070,0.040729,0.940437,0.064060,0.040887,0.050383]
[0, 0, 1, 0, 0, 0, 0, 0, 0, 0, 0, 0, 0, 0, 0, 0, 0, 0, 0, 0, 0, 0, 0, 0],[0.093984,1.000000,0.075059,0.033777,0.027616,0.118014,0.025750,0.029071,0.170692,0.031199,0.022900,0.028628]
[0, 0, 0, 0, 0, 0, 0, 1, 0, 0, 0, 0, 0, 0, 0, 0, 0, 0, 0, 0, 0, 0, 0, 0],[0.638884,0.097958,0.163377,1.000000,0.184099,0.111174,0.445734,0.231461,0.054492,0.068552,0.273178,0.054081]
[0, 0, 0, 0, 0, 0, 0, 1, 0, 0, 0, 0, 0, 0, 0, 0, 0, 0, 0, 0, 0, 0, 0, 0],[0.029394,0.050838,0.081836,1.000000,0.079794,0.040958,0.124594,0.031408,0.017139,0.026062,0.233909,0.022577]
[0, 0, 0, 0, 0, 0, 0, 0, 0, 0, 0, 0, 1, 0, 0, 0, 0, 0, 0, 0, 0, 0, 0, 0],[0.223421,0.269246,0.057563,0.092042,0.153061,0.136751,1.000000,0.241218,0.083171,0.067713,0.432515,0.085131]
[0, 0, 0, 0, 0, 0, 0, 0, 0, 0, 0, 0, 1, 0, 0, 0, 0, 0, 0, 0, 0, 0, 0, 0],[0.109100,0.205871,0.035424,0.106881,0.044854,0.097727,1.000000,0.078547,0.334324,0.035794,0.115045,0.026613]
[0, 0, 0, 0, 0, 0, 0, 0, 0, 0, 0, 0, 0, 0, 0, 0, 1, 0, 0, 0, 0, 0, 0, 0],[0.351467,0.090415,0.080662,0.495169,0.141546,0.518931,0.145786,0.122081,1.000000,0.163682,0.051518,0.058450]
[0, 0, 0, 0, 0, 0, 0, 0, 0, 0, 0, 0, 0, 0, 0, 0, 1, 0, 0, 0, 0, 0, 0, 0],[0.301884,0.273628,0.044692,0.147258,0.089350,0.068783,0.051089,0.219803,1.000000,0.075938,0.056888,0.053263]
[0, 0, 0, 0, 0, 0, 0, 0, 0, 0, 0, 0, 0, 0, 0, 0, 1, 0, 0, 0, 0, 0, 0, 0],[0.266694,0.033972,0.034105,0.105584,0.050103,1.000000,0.074238,0.086583,0.408567,0.114642,0.052311,0.042019]
[0, 0, 0, 0, 0, 0, 0, 0, 0, 0, 0, 0, 0, 0, 0, 0, 1, 0, 0, 0, 0, 0, 0, 0],[0.046227,0.103521,0.019082,0.081158,0.027641,0.045602,1.000000,0.087579,0.795807,0.071745,0.054521,0.017408]
[0, 0, 0, 0, 0, 0, 0, 0, 0, 0, 0, 0, 0, 0, 0, 0, 0, 0, 0, 0, 0, 1, 0, 0],[0.087559,0.258181,0.086803,0.075182,0.106513,0.334039,0.058630,0.053235,0.079063,0.087361,1.000000,0.098456]
[0, 0, 0, 0, 0, 0, 0, 0, 0, 0, 0, 0, 0, 0, 0, 0, 0, 0, 0, 0, 0, 1, 0, 0],[0.074397,0.158361,0.044906,0.032156,0.040951,0.265898,0.042783,0.044069,0.045075,0.074935,1.000000,0.133572]
[0, 0, 0, 0, 0, 0, 0, 0, 0, 0, 0, 0, 0, 0, 0, 0, 0, 0, 0, 0, 0, 1, 0, 0],[0.052966,0.114361,0.026606,0.024461,0.045183,0.155387,0.029717,0.029396,0.042169,0.152548,1.000000,0.053439]
